Custom
0.0 0.0 0.0 0.0 0.0 0.0 0.0 0.0 0.0 0.0 0.0 
Default
0.0 0.0 0.0 0.0 0.0 0.0 0.0 0.0 0.0 0.0 0.0 
Classical
0.0 0.0 0.0 0.0 0.0 0.0 0.0 -7.2 -7.2 -7.2 -9.6 
Club
0.0 0.0 0.0 8.0 5.6 5.6 5.6 3.2 0.0 0.0 0.0 
Dance
0.0 9.6 7.2 2.4 0.0 0.0 -5.6 -7.2 -7.2 0.0 0.0 
Full Bass
0.0 -8.0 9.6 9.6 5.6 1.6 -4.0 -8.0 -10.4 -11.2 -11.2 
Full Bass and Treble
0.0 7.2 5.6 0.0 -7.2 -4.8 1.6 8.0 11.2 12.0 12.0 
Full Treble
0.0 -9.6 -9.6 -9.6 -4.0 2.4 11.2 16.0 16.0 16.0 16.8 
Laptop Speakers and Headphones
0.0 4.8 11.2 5.6 -3.2 -2.4 1.6 4.8 9.6 11.9 11.9 
Large Hall
0.0 10.4 10.4 5.6 5.6 0.0 -4.8 -4.8 -4.8 0.0 0.0 
Live
0.0 -4.8 0.0 4.0 5.6 5.6 5.6 4.0 2.4 2.4 2.4 
Party
0.0 7.2 7.2 0.0 0.0 0.0 0.0 0.0 0.0 7.2 7.2 
Pop
0.0 -1.6 4.8 7.2 8.0 5.6 0.0 -2.4 -2.4 -1.6 -1.6 
Reggae
0.0 0.0 0.0 0.0 -5.6 0.0 6.4 6.4 0.0 0.0 0.0 
Rock
0.0 8.0 4.8 -5.6 -8.0 -3.2 4.0 8.8 11.2 11.2 11.2 
Ska
0.0 -2.4 -4.8 -4.0 0.0 4.0 5.6 8.8 9.6 11.2 9.6 
Soft
0.0 4.8 1.6 0.0 -2.4 0.0 4.0 8.0 9.6 11.2 12.0 
Soft Rock
0.0 4.0 4.0 2.4 0.0 -4.0 -5.6 -3.2 0.0 2.4 8.8 
Techno
0.0 8.0 5.6 0.0 -5.6 -4.8 0.0 8.0 9.6 9.6 8.8 
sweet
0.0 -1.2 6.2 -0.7 5.1 -7.0 -0.7 -5.9 4.8 12.0 6.2 
metallica
0.0 -1.2 6.2 -0.7 -7.3 -0.7 3.1 -1.0 3.4 -5.3 5.1 
Custom
0.0 0.8 2.0 3.4 2.3 0.5 4.0 6.4 3.4 1.1 7.9 
Judas
0.0 9.3 4.9 2.0 -1.3 -5.4 0.5 10.2 1.4 1.1 5.2 
Judas2
0.1 12.0 10.7 7.6 10.1 0.1 10.7 5.7 3.5 12.0 2.0 
judas3
0.1 12.0 8.2 1.4 5.7 2.0 1.0 4.2 5.7 5.4 3.9 
PinkFloyd
0.1 11.1 6.7 4.8 12.0 5.1 12.0 6.7 7.6 12.0 5.1 
ACDC
0.0 -6.0 12.0 12.0 -2.4 9.1 -7.0 12.0 0.2 12.0 12.0 
acd2
0.0 -6.0 5.9 8.6 -2.4 9.1 0.5 12.0 0.2 12.0 12.0 
acdc3-stream
0.0 -6.0 9.7 10.7 10.7 7.4 3.2 7.1 11.7 8.7 12.0 
Cusff
0.1 -1.3 2.9 7.4 8.5 9.9 7.5 4.3 6.1 6.4 11.7 
otherstuff
0.0 -24.0 6.6 3.7 -2.4 3.7 -2.4 1.6 8.0 4.1 8.4 
monstermagnet
0.1 5.2 -3.1 7.7 -10.7 10.9 -1.0 2.6 5.2 -7.1 -0.2 
monster2
5.9 12.0 12.0 12.0 -10.7 4.1 7.3 5.2 0.1 -7.1 -0.2 
monster3
5.9 12.0 12.0 8.0 0.8 4.1 7.3 5.2 -3.5 7.0 -8.9 
m4
3.7 12.0 12.0 8.0 0.8 4.1 6.2 4.8 0.5 7.0 -8.9 
m5
3.7 12.0 10.2 4.4 0.8 -0.6 3.7 4.8 0.1 3.7 -10.3 
voiceOnly
3.7 -24.0 -24.0 12.0 -24.0 12.0 -18.2 5.2 -0.2 -24.0 -24.0 
m4-stream
3.7 12.0 12.0 8.0 0.8 4.1 6.2 4.8 0.5 7.0 8.0 
m55
-1.0 12.0 10.2 4.4 0.8 -0.6 3.7 4.8 0.1 3.7 -10.3 
chains
0.0 -24.0 12.0 7.2 7.5 4.4 -6.3 12.0 12.0 12.0 -4.6 
m55 chains
5.4 12.0 10.2 4.4 0.8 -0.6 3.7 7.5 5.8 9.6 -10.3 
m55 chains
0.0 12.0 10.2 4.4 0.8 -0.6 3.7 7.5 5.8 9.6 -10.3 
m55acdc
-1.0 12.0 10.2 4.4 0.8 -0.6 5.8 0.9 4.7 6.8 -10.3 
bingo
0.0 2.3 8.5 3.3 10.3 -0.6 4.7 6.1 10.6 9.9 -19.5 
bingo2
0.0 5.1 5.8 3.3 8.9 3.7 4.7 6.1 10.6 9.9 -19.5 
Bingo3
0.0 5.1 3.7 1.5 8.9 3.7 4.7 6.1 10.6 9.9 -19.5 
kudo11
3.3 -24.0 1.3 -1.2 -0.5 -0.5 5.1 2.3 11.0 11.0 12.0 
Bingo41
3.3 -24.0 1.3 -1.2 -0.5 -0.5 5.1 2.3 -2.8 2.8 8.1 
Bingo42
3.3 1.1 -4.6 -2.1 4.1 0.1 4.1 -0.5 -2.8 2.8 8.1 
Bingo43
3.3 -10.4 4.1 -2.7 7.0 0.1 4.1 -0.5 -2.8 2.8 8.1 
Bingo474
3.3 -10.4 4.1 -2.7 7.0 -3.9 4.1 -0.5 -2.8 2.8 8.1 
Bingo51
3.3 -10.4 3.5 -4.1 7.0 0.2 4.1 -0.5 -2.8 2.8 8.1 
Bingo52
3.3 -10.4 4.1 4.1 7.0 -3.0 4.1 -0.5 -2.8 2.8 8.1 
Bingo54
3.3 -10.4 4.1 -0.7 7.0 -3.0 4.1 -0.5 -2.8 2.8 8.1 
SOD
3.3 -10.4 0.6 -1.8 -4.0 0.0 4.1 0.4 -6.3 4.7 1.9 
SOD2
3.3 -10.4 0.6 -1.8 0.7 0.0 4.1 0.4 -6.3 4.7 1.9 
SOD3
3.3 -10.4 3.5 -1.8 0.7 0.0 4.1 0.4 -6.3 4.7 1.9 
SOD4
3.3 -10.4 3.5 -3.4 0.7 0.0 -5.4 2.3 -6.3 4.7 1.9 
GOOD
3.3 -4.3 -2.8 -3.4 -1.5 0.2 -5.4 2.3 -6.3 4.7 1.9 
Custom
3.3 -4.3 -2.8 -3.4 -4.2 -2.7 -5.4 -0.4 -8.0 1.6 -0.6 
GOOD1
3.3 -4.3 -2.8 -3.4 -1.5 0.2 -5.4 2.3 -0.3 -3.6 -6.5 
GOOD2
3.3 -4.3 -2.8 -3.4 -1.5 0.2 -5.4 2.3 -3.4 -3.6 -6.5 
GOOD3
3.3 -4.3 -2.8 -3.4 -5.5 0.2 -5.4 2.3 -0.3 -3.6 -6.5 
Good4
1.3 -10.3 -6.8 -3.4 -7.5 -5.8 -9.4 -11.7 -10.3 -7.6 -0.5 
